0.0 -0.07894394811074444
0.01 -0.07893161967263239
0.02 -0.07891929123452034
0.03 -0.07890696279640828
0.04 -0.07889463435829622
0.05 -0.07888230592018419
0.06 -0.07886997748207214
0.07 -0.07885764904396009
0.08 -0.07884532060584802
0.09 -0.07883299216773598
0.1 -0.07882066372962393
0.11 -0.07880833529151186
0.12 -0.07879600685339982
0.13 -0.07878367841528777
0.14 -0.07877134997717572
0.15 -0.07875902153906367
0.16 -0.07874669310095161
0.17 -0.07873436466283956
0.18 -0.07872203622472751
0.19 -0.07870970778661546
0.2 -0.0786973793485034
0.21 -0.07892209089287143
0.22 -0.07914680243723946
0.23 -0.07937151398160747
0.24 -0.07959622552597549
0.25 -0.07982093707034352
0.26 -0.08004564861471154
0.27 -0.08027036015907957
0.28 -0.08049507170344758
0.29 -0.0807197832478156
0.3 -0.08094449479218363
0.31 -0.08116920633655166
0.32 -0.08139391788091968
0.33 -0.0816186294252877
0.34 -0.08184334096965573
0.35 -0.08206805251402374
0.36 -0.08229276405839175
0.37 -0.0825174756027598
0.38 -0.08274218714712782
0.39 -0.08296689869149583
0.4 -0.08319161023586386
0.41 -0.08402214592367097
0.42 -0.08485268161147806
0.43 -0.08568321729928517
0.44 -0.0865137529870923
0.45 -0.08734428867489939
0.46 -0.0881748243627065
0.47 -0.0890053600505136
0.48 -0.08983589573832072
0.49 -0.09066643142612782
0.5 -0.09149696711393493
0.51 -0.09232750280174204
0.52 -0.09315803848954915
0.53 -0.09398857417735626
0.54 -0.09481910986516337
0.55 -0.09564964555297048
0.56 -0.0964801812407776
0.57 -0.09731071692858469
0.58 -0.09814125261639181
0.59 -0.09897178830419891
0.6 -0.09980232399200602
0.61 -0.10155265223922126
0.62 -0.10330298048643653
0.63 -0.10505330873365178
0.64 -0.10680363698086705
0.65 -0.10855396522808229
0.66 -0.11030429347529755
0.67 -0.1120546217225128
0.68 -0.11380494996972806
0.69 -0.11555527821694328
0.7 -0.11730560646415854
0.71 -0.1190559347113738
0.72 -0.12080626295858907
0.73 -0.12255659120580431
0.74 -0.12430691945301955
0.75 -0.12605724770023483
0.76 -0.12780757594745007
0.77 -0.12955790419466534
0.78 -0.13130823244188058
0.79 -0.13305856068909583
0.8 -0.1348088889363111
0.81 -0.13771185570558922
0.82 -0.1406148224748673
0.83 -0.14351778924414543
0.84 -0.14642075601342358
0.85 -0.14932372278270167
0.86 -0.1522266895519798
0.87 -0.1551296563212579
0.88 -0.15803262309053606
0.89 -0.16093558985981415
0.9 -0.1638385566290923
0.91 -0.16674152339837042
0.92 -0.16964449016764854
0.93 -0.17254745693692664
0.94 -0.17545042370620473
0.95 -0.17835339047548285
0.96 -0.181256357244761
0.97 -0.18415932401403912
0.98 -0.18706229078331724
0.99 -0.18996525755259536
1.0 -0.19286822432187348
1.01 -0.19705423133566996
1.02 -0.20124023834946647
1.03 -0.20542624536326298
1.04 -0.2096122523770595
1.05 -0.21379825939085595
1.06 -0.21798426640465246
1.07 -0.22217027341844897
1.08 -0.22635628043224548
1.09 -0.230542287446042
1.1 -0.2347282944598385
1.11 -0.238914301473635
1.12 -0.24310030848743147
1.13 -0.24728631550122787
1.14 -0.2514723225150244
1.15 -0.2556583295288209
1.16 -0.2598443365426174
1.17 -0.2640303435564139
1.18 -0.26821635057021037
1.19 -0.2724023575840069
1.2 -0.2765883645978034
1.21 -0.2820704291354871
1.22 -0.28755249367317076
1.23 -0.29303455821085445
1.24 -0.29851662274853813
1.25 -0.3039986872862218
1.26 -0.30948075182390544
1.27 -0.3149628163615891
1.28 -0.3204448808992728
1.29 -0.32592694543695655
1.3 -0.3314090099746402
1.31 -0.3368910745123239
1.32 -0.34237313905000755
1.33 -0.3478552035876913
1.34 -0.3533372681253749
1.35 -0.35881933266305865
1.36 -0.3643013972007423
1.37 -0.369783461738426
1.38 -0.37526552627610954
1.39 -0.3807475908137932
1.4 -0.3862296553514769
1.41 -0.39289570545949504
1.42 -0.3995617555675133
1.43 -0.4062278056755314
1.44 -0.41289385578354965
1.45 -0.4195599058915678
1.46 -0.4262259559995859
1.47 -0.43289200610760414
1.48 -0.4395580562156223
1.49 -0.4462241063236405
1.5 -0.45289015643165864
1.51 -0.4595562065396769
1.52 -0.466222256647695
1.53 -0.4728883067557132
1.54 -0.4795543568637313
1.55 -0.4862204069717495
1.56 -0.4928864570797677
1.57 -0.4995525071877858
1.58 -0.506218557295804
1.59 -0.5128846074038221
1.6 -0.5195506575118404
1.61 -0.5271637896113741
1.62 -0.5347769217109078
1.63 -0.5423900538104414
1.64 -0.5500031859099751
1.65 -0.5576163180095088
1.66 -0.5652294501090425
1.67 -0.5728425822085762
1.68 -0.5804557143081099
1.69 -0.5880688464076436
1.7 -0.5956819785071773
1.71 -0.603295110606711
1.72 -0.6109082427062447
1.73 -0.6185213748057784
1.74 -0.6261345069053121
1.75 -0.6337476390048458
1.76 -0.6413607711043796
1.77 -0.6489739032039133
1.78 -0.6565870353034471
1.79 -0.6642001674029807
1.8 -0.6718132995025144
1.81 -0.6800200615221103
1.82 -0.6882268235417061
1.83 -0.6964335855613019
1.84 -0.7046403475808977
1.85 -0.7128471096004934
1.86 -0.7210538716200892
1.87 -0.729260633639685
1.88 -0.7374673956592807
1.89 -0.7456741576788765
1.9 -0.7538809196984723
1.91 -0.7620876817180681
1.92 -0.7702944437376639
1.93 -0.7785012057572596
1.94 -0.7867079677768554
1.95 -0.7949147297964512
1.96 -0.803121491816047
1.97 -0.8113282538356428
1.98 -0.8195350158552386
1.99 -0.8277417778748344
